9.296482412060301515e-02
9.296482412060301515e-02
9.296482412060301515e-02
9.296482412060301515e-02
9.296482412060301515e-02
9.296482412060301515e-02
9.296482412060301515e-02
9.296482412060301515e-02
9.296482412060301515e-02
9.296482412060301515e-02
9.296482412060301515e-02
9.547738693467336391e-02
1.557788944723618174e-01
1.834170854271356677e-01
2.324120603015075448e-01
3.366834170854271502e-01
4.547738693467336946e-01
5.615577889447236348e-01
6.143216080402009727e-01
6.407035175879397526e-01
6.532663316582915103e-01
6.695979899497487287e-01
6.871859296482412116e-01
6.997487437185929693e-01
7.123115577889447270e-01
7.286432160804020564e-01
7.449748743718592747e-01
7.587939698492461860e-01
7.726130653266332082e-01
7.864321608040201195e-01
8.002512562814070307e-01
8.115577889447236348e-01
8.178391959798995137e-01
8.203517587939698208e-01
8.266331658291456996e-01
8.304020100502512713e-01
8.417085427135678755e-01
8.467336683417084897e-01
8.517587939698492150e-01
8.542713567839196331e-01
8.580402010050250938e-01
8.580402010050250938e-01
8.605527638190955120e-01
8.630653266331658191e-01
8.680904522613065444e-01
8.693467336683416979e-01
8.731155778894472697e-01
8.781407035175879949e-01
8.793969849246231485e-01
8.806532663316583021e-01
8.844221105527638738e-01
8.844221105527638738e-01
8.856783919597990273e-01
8.907035175879397526e-01
8.919597989949749062e-01
8.969849246231156314e-01
8.994974874371859386e-01
8.994974874371859386e-01
8.994974874371859386e-01
9.007537688442210921e-01
9.020100502512562457e-01
9.070351758793969710e-01
9.082914572864321245e-01
9.095477386934673891e-01
9.108040201005025427e-01
9.108040201005025427e-01
9.108040201005025427e-01
9.095477386934673891e-01
9.108040201005025427e-01
9.108040201005025427e-01
9.120603015075376963e-01
9.120603015075376963e-01
9.120603015075376963e-01
9.145728643216080034e-01
9.145728643216080034e-01
9.145728643216080034e-01
9.170854271356784215e-01
9.195979899497487287e-01
9.208542713567838822e-01
9.233668341708543004e-01
9.233668341708543004e-01
9.246231155778894539e-01
9.246231155778894539e-01
9.246231155778894539e-01
9.246231155778894539e-01
9.233668341708543004e-01
9.246231155778894539e-01
9.246231155778894539e-01
9.271356783919597611e-01
9.271356783919597611e-01
9.271356783919597611e-01
9.271356783919597611e-01
9.258793969849246075e-01
9.271356783919597611e-01
9.271356783919597611e-01
9.271356783919597611e-01
9.283919597989950256e-01
9.283919597989950256e-01
9.283919597989950256e-01
9.271356783919597611e-01
